Bolt= [
M 4 	0.70 	4.50 	3.30 	8.78;
M 5 	0.80 	5.50 	4.20 	14.2;
M 6 	1.00 	6.60 	5.00 	20.1;
M 8 	1.25 	9.00 	6.80 	36.6;
M 10 	1.50 	12.00 	8.50 	58.0;
M 12 	1.75 	14.00 	10.20 	84.3;
M 14 	2.00 	16.00 	12.00 	0;
M 16 	2.00 	18.00 	14.00 	157;
M 20 	2.50 	22.00 	17.50 	245;
M 22 	2.50 	25.00 	19.50 	0;
M 24 	3.00 	27.00 	21.00 	353;
M 27 	3.00 	30.00 	24.00 	0    ;
M 30 	3.50 	33.00 	26.50 	561;
M 36 	4.00 	40.00 	32.00 	817;
M 42 	4.50 	46.00 	37.50 	1120;
M 48 	5.00 	53.00 	43.00 	1470;
M 56 	5.50 	62.00 	50.50 	2030;
M 64 	6.00 	70.00 	58.00 	2680;
M 68 	6.00 	74.00 	62.00 	0     ]
